11.978745
11.090776
10.153627
9.2258081
8.2455978
7.0377340
5.9355493
4.7039852
3.7894940
2.7742386
1.7948078
1.0892788
0.23681785
-0.59276408
-1.1903390
-1.7056580
-2.1691766
-2.7349846
-3.0865545
-3.3234770
-3.5435288
-3.5594771
-3.6089718
-3.5470335
-3.6766520
-3.6077571
-3.6007349
-3.7275600
-3.8925292
-4.1037769
-4.4050860
-4.6590428
-4.7872534
-5.0620503
-5.1201725
-5.1055508
-5.2668576
-5.3723211
-5.3347154
-5.4921851
-5.3716450
-5.3451967
-5.2438002
-5.0575581
-4.9142222
-4.6929517
-4.3809414
-4.1473403
-3.8152564
-3.3958418
-3.1965513
-2.7489364
-2.3859587
-2.0749373
-1.8932073
-1.6713668
-1.4891844
-1.2483121
-1.0720019
-0.94258416
-0.74432611
-0.49266937
-0.22505295
0.22699086
0.60756713
1.1614338
1.7352417
2.4735548
3.2590470
4.0488977
4.9664998
5.9496837
7.0378590
7.9654899
9.0952501
9.8869343
10.872998
11.862556
12.511131
13.070483
13.556510
13.772815
13.770638
13.696394
13.462459
13.365211
13.024371
12.598395
12.325918
11.911370
11.555007
11.281142
11.258858
10.973015
11.111680
11.181588
11.347776
11.540131
11.655554
11.958349
12.408126
12.453754
12.718411
12.666225
12.727222
12.612814
12.479907
12.031615
11.760591
11.352813
10.722211
10.140415
9.6104498
8.9768095
8.3884916
7.6704822
6.9057803
6.1075501
5.2351189
4.3316464
3.3025181
2.2398739
1.1153272
-0.15201260
-1.5900604
-2.8300533
-4.2095146
-5.5904036
-7.0692830
-8.5488262
-10.024958
-11.110831
-12.391206
-13.251017
-13.845578
-14.069915
-14.409991
-13.828719
-13.403790
-12.460914
-11.416064
-10.446469
-9.1311474
-8.3123922
-7.2387662
-6.3425364
-5.5912161
-5.1688304
-4.7232871
-4.4868746
-4.4953403
-4.4267168
-4.2103391
-4.1172066
-3.9286623
-3.7560089
-3.4192622
-3.0382092
-2.5412481
-2.0967832
-1.4939364
-0.89769942
-0.37518468
0.17068791
0.61366010
0.98838896
1.3027698
1.6714082
1.9428847
2.2252030
2.7085295
3.0989926
3.5915692
4.1792808
4.7588730
5.5025516
6.3058915
7.1029902
7.7509284
8.5335646
9.1691437
9.7925739
10.401014
10.847791
11.046346
11.395723
11.516283
11.377667
10.997087
10.753602
10.543147
10.165792
9.7606888
9.3262024
8.6110239
8.0852728
7.7396874
7.3952408
7.0882015
6.6426582
6.2097526
5.7795625
5.0670857
4.2529459
3.3818915
2.3432856
1.2416849
0.0055158213
-1.2592069
-2.4658897
-3.7086310
-4.8209310
-5.8319249
-6.6848092
-7.4349260
-7.9207826
-8.2726011
-8.5243864
-8.6006804
-8.6915483
-8.7859898
-8.5123777
-8.5819731
-8.3975096
-8.4476881
-8.5245066
-8.4893551
-8.4780293
-8.2848854
-8.3666229
-8.1299887
-8.1407413
-7.8317423
-7.3688250
-7.0315809
-6.6650233
-6.0939045
-5.3586621
-4.7316527
-4.0133963
-3.3021288
-2.4338942
-1.6777363
-0.94718057
-0.26423919
0.40821773
1.0392148
1.6730473
2.2737494
2.8508925
3.4194372
3.9537272
4.5417905
5.1738300
5.8198285
6.4605656
7.1181755
7.7208495
8.5132380
9.0164118
9.6736078
10.172471
10.705706
11.096940
11.365580
11.661587
11.864164
11.789463
12.001774
11.888675
11.688091
11.341963
11.121055
11.181293
10.988618
10.648789
10.539145
10.773891
10.926710
11.208519
11.201437
11.509334
11.954553
12.004886
12.107246
12.346273
12.258450
12.261565
12.276431
12.053663
11.697436
11.661943
11.290169
10.974092
10.718467
10.166122
9.8858719
9.3150511
8.8771896
8.4259129
7.9296217
7.6774712
7.1096539
6.5575347
6.2774959
5.9365816
5.6512494
5.3273468
5.0365882
4.8765545
4.5710492
4.3914986
4.2673607
4.0612712
3.8943667
3.7541027
3.4984846
3.3223877
3.0057163
2.7027664
2.3535624
2.0975428
1.8398160
1.5695218
1.3639346
1.1738485
1.0429326
0.97498882
0.88965285
0.83968145
0.81594968
0.78899914
0.80992258
0.82453793
0.80499488
0.84939557
0.98416471
1.0581465
1.2766688
1.5447428
1.7158613
2.0683517
2.4159317
2.8403201
3.2973504
3.7847476
4.2854128
4.7855592
5.2971768
5.7729354
6.3355422
6.7698627
7.1340189
7.5317597
7.7994270
7.9783940
8.0458803
8.0642948
8.0832214
7.9869599
7.9933925
8.1605797
7.9536886
7.9585266
8.2248449
8.0917568
8.5267878
8.5146561
8.7008038
8.7923393
9.0952616
9.3249912
9.7227192
9.9480753
10.518007
10.888650
11.599767
11.852524
12.729002
13.161276
13.485061
14.175224
14.856933
15.220705
15.723538
16.044712
16.283766
16.537922
16.975645
17.070736
16.950821
16.945724
16.883148
17.012569
16.900484
16.770554
16.800098
16.475243
16.739155
16.684015
16.434887
16.422361
16.335535
16.267677
16.396494
16.344204
16.090887
16.055819
15.776968
15.650885
15.306466
15.145354
14.809495
14.547165
14.283363
13.894041
13.507824
13.115942
12.651650
12.423188
11.992243
11.569177
11.303082
10.969901
10.693125
10.576208
10.265637
10.076669
9.9962597
9.8025608
9.5248203
9.2303190
8.9713478
8.5958929
8.2207165
7.7587352
7.1858706
6.6393418
6.0478487
5.4918189
4.8777962
4.2486672
3.6598525
3.1646950
2.7698605
2.4106882
2.1764579
2.0087974
1.9647382
2.0299041
2.0954459
2.2928023
2.4581912
2.7268603
2.8938587
3.0646083
3.2025535
3.2887506
3.3004277
3.3750372
3.3212035
3.3750408
3.3468285
3.4261463
3.4336023
3.5563238
3.7030609
3.9418347
4.1418633
4.4797931
4.8028293
5.2273641
5.7191124
5.8532887
6.3021336
6.4326501
6.5228152
6.5092845
6.4658580
6.4045606
6.0884333
5.8220983
5.4905539
5.1524343
4.6565866
4.4851155
4.4266295
4.2122664
4.2634735
4.1635766
4.1904163
4.3099871
4.5096388
4.7191362
4.8221626
5.0579028
5.0777159
5.2669444
5.2473569
5.5215836
5.6354008
5.6856885
5.7734613
5.8838987
5.9916039
6.0800562
6.4709649
6.5508327
6.9135938
7.3832855
7.5949416
7.8613334
8.0007124
8.4318256
8.5760984
8.4385347
8.5273666
8.2658501
7.7881861
7.2377620
6.4933419
5.6169744
4.6107130
3.5368063
2.3094401
1.1220925
-0.085040905
-1.2832094
-2.4661264
-3.5309751
-4.5156054
-5.4497046
-6.2737775
-6.9636297
-7.5965023
-8.1423473
-8.6415615
-9.1127138
-9.5718002
-9.9963093
-10.466616
-10.864926
-11.272751
-11.526583
-11.806345
-12.001872
-12.004376
-11.919574
-11.610263
-11.282478
-10.770883
-10.079387
-9.3077679
-8.3758535
-7.4069118
-6.3848100
-5.3847089
-4.4126301
-3.5297129
-2.6793830
-1.9234301
-1.3050678
-0.78960621
-0.41088676
-0.18766749
-0.078586228
-0.11726288
-0.24251541
-0.48070872
-0.83414865
-1.2406609
-1.6869516
-2.2468734
-2.7895923
-3.2789831
-3.6932807
-4.1079497
-4.3670979
-4.4448056
-4.4484763
-4.3422923
-4.0717201
-3.6735625
-3.2107553
-2.7148888
-2.1593752
-1.5974127
-1.0621556
-0.64025569
-0.19470705
0.13019095
0.36248153
0.46265450
0.48354352
0.41633716
0.19697094
-0.072215423
-0.44719493
-0.88623059
-1.3939160
-1.9390304
-2.5255601
-3.1898651
-3.8543055
-4.5168176
-5.2559347
-5.9709334
-6.7277431
-7.4264221
-8.1667004
-8.8985615
-9.5386448
-10.130711
-10.720990
-11.221576
-11.641809
-12.159077
-12.440467
-12.799824
-12.954163
-13.318789
-13.338883
-13.489972
-13.669390
-13.587100
-13.477034
-13.458690
-13.518601
-13.524452
-13.374085
-13.542649
-13.459898
-13.613072
-13.505208
-13.375519
-13.244643
-12.779608
-12.470048
-11.711812
-10.955289
-10.034513
-9.1159477
-8.1118174
-7.1287661
-6.2224131
-5.4352512
-4.8082466
-4.2876086
-3.9676812
-3.7644999
-3.6649687
-3.6652744
-3.7001340
-3.7818739
-3.8109119
-3.7195168
-3.7234914
-3.5594461
-3.4178216
-3.2179496
-2.9873116
-2.8064294
-2.5683386
-2.3731916
-2.1566942
-2.2019994
-2.0246570
-1.9641801
-1.8327475
-1.7661402
-1.6775156
-1.5466337
-1.2645650
-1.1236569
-0.84755826
-0.54110670
-0.16729894
0.13544616
0.52283978
0.65958399
0.78611737
0.90153623
0.92753369
0.88665730
0.54920167
0.049614433
-0.45942578
-1.0855265
-1.7975897
-2.6312625
-3.4909167
-4.1959982
-4.9251742
-5.8806672
-6.6237297
-7.3253641
-8.0173407
-8.7553463
-9.3335171
-10.113674
-10.572948
-11.193650
-11.875167
-12.381516
-12.892851
-13.398466
-13.735068
-14.108462
-14.458208
-14.582839
-14.791237
-14.842219
-14.669776
-14.691055
-14.381466
-14.168694
-13.908796
-13.348120
-12.899803
-12.522766
-12.074120
-11.825474
-11.501815
-11.331595
-11.220793
-11.269069
-11.381263
-11.688743
-11.838581
-12.217984
-12.398884
-12.669922
-12.854144
-12.994056
-12.769511
-12.790177
-12.569966
-12.356466
-11.952008
-11.685369
-11.377778
-11.196405
-10.860476
-10.723536
-10.500096
-10.243904
-10.044639
-9.7810860
-9.5191593
-9.1767197
-8.7141428
-8.2298079
-7.6585498
-6.9839816
-6.2647548
-5.5455551
-4.7714462
-4.0633173
-3.4147243
-2.7895079
-2.3339558
-1.9358581
-1.6483583
-1.5023090
-1.4559757
-1.4971541
-1.5579770
-1.7627386
-2.0009685
-2.2331738
-2.5760491
-2.9162254
-3.3243196
-3.7664092
-4.2537851
-4.8358536
-5.4063091
-6.1391644
-6.9480844
-7.7588730
-8.6209955
-9.4826612
-10.347947
-11.273804
-12.061894
-13.015991
-13.636043
-14.310092
-14.874708
-15.491131
-15.924656
-16.242870
-16.530771
-16.611784
-16.803650
-16.868938
-16.777994
-16.901081
-16.774647
-16.862106
-16.874306
-17.102299
-17.280125
-17.554405
-17.774382
-18.104664
-18.382286
-18.760351
-18.811213
-19.069431
-19.080076
-19.065996
-18.909977
-18.755371
-18.561724
-18.191004
-17.743643
-17.418108
-17.087831
-16.780668
-16.584158
-16.327955
-16.046547
-16.050224
-15.916935
-15.799699
-15.535794
-15.370500
-14.842219
-14.462591
-13.871264
-13.269256
-12.529180
-11.777593
-10.941766
-10.042065
-9.2588797
-8.4437065
-7.6860385
-6.8297901
-6.0449986
-5.0099573
-4.1173439
-3.0252414
-1.9722217
-0.81501353
0.43734354
1.6291543
2.9787192
4.1788778
5.2176733
6.2815781
7.1072917
7.6352887
7.9744539
7.8173728
7.7099142
7.2112503
6.6464281
5.8353028
4.6214733
3.4598839
2.3067348
1.0353159
-0.34640637
-1.7918601
-2.7152979
-4.0346584
-5.0772905
-5.8168292
-6.7532616
-7.4251122
-7.8375611
-8.3410215
-8.6194773
-9.0137701
-9.1294594
-9.3401308
-9.6633720
-9.8210382
-10.247556
-10.582847
-11.052985
-11.681162
-12.454427
-13.277375
-13.996962
-14.946257
-15.830827
-16.628790
-17.469246
-18.195576
-18.911051
-19.437716
-19.846573
-20.352903
-20.399046
-20.630566
-20.519806
-20.269981
-20.009886
-19.456924
-18.757603
-18.148464
-17.298590
-16.473976
-15.571841
-14.883366
-14.150896
-13.295787
-12.675977
-11.996873
-11.602386
-11.192279
-10.966850
-10.787325
-10.726842
-10.799099
-10.822080
-11.017337
-11.234492
-11.307878
-11.342422
-11.312026
-11.308623
-11.063408
-10.755836
-10.292882
-9.8801107
-9.2647982
-8.9449787
-8.4916201
-8.2455759
-8.1831856
-8.2154303
-8.4654026
-8.7391977
-9.2282839
-9.7944565
-10.240006
-10.639347
-10.898667
-11.071303
-10.978228
-10.664991
-10.210323
-9.5529652
-8.7376566
-7.8707247
-6.8475847
-5.8870721
-4.9321246
-4.0812259
-3.3812559
-2.8676291
-2.5441966
-2.0550334
-2.0439470
-1.9694173
-1.9714189
-2.0507338
-2.1601079
-2.1999934
-2.3108056
-2.5147607
-2.6246803
-2.8268521
-3.1113081
-3.2544785
-3.6382315
-4.1159821
-4.4823446
-4.9758692
-5.5266895
-6.1346059
-6.7012358
-7.1625867
-7.6111374
-7.9817061
-8.2557945
-8.5830116
-8.8157072
-8.9230795
-9.0908909
-9.2276974
-9.1749125
-9.1631527
-9.2246485
-9.2998133
-9.4601736
-9.4860878
-9.7086515
-10.133327
-10.395461
-10.838025
-11.358095
-11.832366
-12.232698
-12.711370
-13.109861
-13.322885
-13.462296
-13.481869
-13.371090
-13.123272
-12.774860
-12.368510
-11.957294
-11.506931
-11.026545
-10.526521
-9.9633532
-9.3920527
-8.8749142
-8.5869074
-8.0866356
-7.6041961
-7.0650811
-6.5370584
-6.0866971
-5.5453534
-5.0298681
-4.8038220
-4.3399558
-4.0856738
-4.1442351
-4.1096272
-4.2005148
-4.4531083
-4.5503349
-4.7528429
-4.9557600
-5.1058264
-5.2878213
-5.3569980
-5.3162184
-5.2180710
-5.0815506
-4.9292130
-4.7444715
-4.6405563
-4.5733848
-4.5706129
-4.7059789
-4.8682890
-5.1965628
-5.5420575
-5.9542170
-6.2721171
-6.6209664
-6.8573532
-7.0678735
-7.0463576
-6.9155860
-6.7227979
-6.2993407
-5.7966790
-5.1799402
-4.5863805
-3.9341266
-3.2433879
-2.7411246
-2.1084416
-1.6691121
-1.2814490
-1.0216911
-0.85416549
-0.69888175
-0.72608340
-0.72977990
-0.81572646
-1.0275325
-1.2522612
-1.5310508
-1.7072766
-2.1113734
-2.4098897
-2.6676216
-3.0956011
-3.2688761
-3.6223340
-4.0187511
-4.2318192
-4.5333633
-4.7590613
-4.9435949
-5.0816913
-5.1529107
-5.2290063
-5.1969328
-5.1659913
-5.0128450
-4.9498372
-4.7111692
-4.4971700
-4.3320127
-4.0613985
-3.8529625
-3.6471996
-3.4941661
-3.1911693
-2.9702823
-2.8984771
-2.7166178
-2.6375093
-2.4401464
-2.2266505
-2.1063797
-1.9629624
-1.7688802
-1.6819950
-1.4799566
-1.2360153
-0.93230963
-0.78027105
-0.53934729
-0.42516160
-0.082910068
0.0033140860
0.089271635
0.050756741
0.16216755
0.060753915
-0.22939786
-0.44286734
-0.68455297
-1.1406188
-1.5093700
-2.0271533
-2.4781256
-3.0157344
-3.5624797
-4.1323748
-4.6528072
-5.0394273
-5.4440880
-5.6780329
-5.8138757
-5.8097038
-5.7474446
-5.4723492
-5.0831499
-4.6782637
-4.1660028
-3.6228452
-3.0935307
-2.5649173
-2.0469928
-1.5970529
-1.2922459
-0.92711431
-0.71922654
-0.48782766
-0.39756250
-0.40450621
-0.50699627
-0.55870157
-0.69420868
-0.75386220
-0.96978408
-1.1908363
-1.4469805
-1.7703450
-1.9956750
-2.4951763
-2.8129849
-3.3242209
-3.7583654
-4.1375351
-4.7071705
-5.3450508
-5.8967986
-6.6854334
-7.2218118
-7.9068303
-8.5389404
-9.1770773
-9.8788300
-10.369504
-10.743227
-11.227706
-11.567983
-11.607311
-11.718883
-11.523349
-11.358594
-10.912923
-10.583038
-9.9989185
-9.4329958
-9.0221558
-8.4708509
-8.1982613
-7.7389750
-7.4920340
-7.2735167
-7.1644731
-7.1010857
-6.9221044
-6.8582578
-6.8324552
-6.6133218
-6.3884721
-6.1720891
-5.8753133
-5.5333204
-5.0611176
-4.5519056
-4.0238585
-3.2490864
-2.8143201
-2.0303805
-1.3885581
-0.77608526
-0.20333651
0.41356379
0.99352384
1.5728489
2.0352342
2.4488170
2.8545804
3.2886338
3.7033594
4.1239314
4.4726896
4.9117012
5.3652077
5.8293815
6.3709364
6.7890606
7.3392596
7.8165126
8.2984943
8.8471060
9.3088322
9.7400551
10.099273
10.360472
10.554005
10.635580
10.670213
10.572548
10.328805
10.081706
9.6500654
9.1863556
8.6579313
8.1770782
7.5424314
6.9655023
6.6392541
6.2460604
5.9092140
5.5553570
5.3542700
5.2130451
5.0402246
4.9380569
4.7381516
4.6999941
4.4810357
4.1137166
3.8109932
3.4159958
2.8696859
2.2580659
1.5449562
0.76997834
-0.040224358
-0.73805565
-1.5457610
-2.4200785
-3.1599107
-3.7545350
-4.4561167
-4.9996290
-5.3352523
-5.6583581
-5.8520918
-5.7937245
-5.7952490
-5.5424080
-5.2364707
-4.8620868
-4.5317516
-4.0397482
-3.5152898
-3.0134327
-2.5378940
-2.1314976
-1.5238216
-1.0658367
-0.62140960
-0.029376442
0.40596205
0.85439765
1.4303447
1.9052545
2.4401603
3.0202546
3.6547167
4.2354860
4.8842144
5.5143900
6.2081971
6.8401065
7.3788438
7.8375807
8.2611227
8.6105204
8.8087177
8.8975401
8.9265137
8.8508387
8.8572226
8.7735329
8.8732595
9.0351410
9.5443573
10.149083
10.986312
12.002974
13.295153
14.507390
15.810488
17.290655
18.434620
19.570387
20.343611
20.846506
21.140850
21.152601
20.927864
20.187395
19.586721
18.691275
17.428522
16.337353
15.125000
13.926436
12.708323
11.519186
10.320748
9.0998735
8.0041256
6.8375931
5.6888013
4.5462151
3.5526359
2.5722141
1.6178870
0.76825786
0.059753399
-0.56112099
-1.0830801
-1.5171255
-1.8487418
-2.1309872
-2.0491028
-1.9364078
-1.7548640
-1.5017723
-1.1782230
-0.65193635
-0.082533620
0.42381358
1.0099545
1.4506741
1.9721673
2.3834045
2.7708535
3.0454228
3.4030781
3.6561913
3.9083159
4.2108192
4.5764322
4.7881665
5.1463404
5.3812380
5.5982003
5.7957120
5.9951324
6.0015321
5.9061189
5.7781649
5.5858769
5.3883567
5.0930047
4.7927933
4.5750165
4.4019489
4.2476878
4.2294784
4.2674804
4.3807335
4.5918393
4.8067274
5.0541821
5.3801856
5.6318784
5.8944607
6.1383085
6.3578963
6.5476465
6.6797047
6.8608642
6.9945140
7.1223722
7.2197943
7.3672872
7.3923755
7.4055066
7.4235950
7.3303566
7.2097054
6.9627428
6.6671433
6.3350701
5.9893622
5.5480242
5.1064873
4.6313643
4.2143526
3.8168821
3.4047546
3.0666244
2.7753887
2.4515021
2.1668651
1.9278176
1.6055744
1.2751263
0.99964678
0.56632030
0.11369342
-0.26286572
-0.82950902
-1.2737877
-1.9594606
-2.3479037
-2.7366142
-3.1715484
-3.3345761
-3.4550481
-3.3230693
-3.1133053
-2.7513285
-2.1656449
-1.5341167
-0.71828347
0.21434742
1.2176443
2.2494919
3.2990308
4.2879987
5.2303505
6.0464063
6.7858267
7.4130559
7.8501840
8.1576242
8.3564320
8.4280014
8.4277020
8.1622095
7.8791089
7.4769616
7.0330825
6.4172344
5.8341913
5.2658739
4.6898241
4.1557746
3.6340973
3.1571286
2.8654358
2.6049221
2.3744259
2.2288771
2.1847022
1.9849378
1.9129051
1.7807846
1.5562927
1.2660962
0.82585847
0.29895273
-0.31065264
-1.0829860
-1.8155113
-2.6565762
-3.5167170
-4.1847501
-4.7607880
-5.2987108
-5.7805996
-6.2269030
-6.5713391
-6.6214294
-6.6394544
-6.8847585
-6.9990907
-7.0191622
-7.1481872
-7.4582567
-7.5930648
-8.0594101
-8.2131672
-8.4392586
-8.9624510
-8.9698639
-8.8744411
-8.8128929
-8.4314804
-7.9962106
-7.5132599
-6.7194209
-5.7550936
-4.8412185
-4.0241113
-2.9684856
-2.1218865
-1.1704463
-0.29794946
0.24172509
0.91872203
1.3671823
1.8072877
2.0953095
2.3931055
2.5967748
2.8026659
2.9306364
3.1344788
3.3422537
3.5944607
3.9058223
4.1713815
4.5558858
4.8935533
5.2907500
5.6343603
6.0011244
6.3277259
6.6361814
6.9091349
7.0748448
7.2147994
7.3905354
7.5297065
7.6417990
7.6492610
7.6698995
7.7101021
7.6843081
7.6425734
7.5455246
7.4372053
7.3070912
7.0143275
6.7435169
6.4058986
5.9686112
5.3915977
4.8184056
4.1511950
3.4365957
2.5756907
1.5851111
0.72298598
-0.26969212
-1.2870981
-2.4068952
-3.5079670
-4.5614614
-5.5865827
-6.4910831
-7.4414248
-8.0419483
-8.6300201
-8.9230785
-9.2547836
-9.3560724
-9.1540737
-8.9213839
-8.5607338
-8.2821293
-7.7687979
-7.2800264
-6.7638488
-6.0880675
-5.5631981
-5.1941228
-4.5345898
-3.8553600
-3.3325253
-2.6522486
-1.9962541
-1.1140189
-0.44235036
0.44060019
1.3821673
2.3101652
3.2835493
4.2107029
5.2274160
6.1031547
6.9674268
7.7139068
8.3784027
8.9173136
9.2828140
9.5748329
9.6806316
9.6236181
9.4799356
9.2054949
8.8136044
8.3187084
7.8880568
7.3679643
6.8522997
6.4149108
5.9561419
5.6280441
5.4296770
5.1886134
5.1584249
5.0519214
5.2046671
5.3291464
5.5427485
5.8548355
6.0819678
6.3784127
6.6757326
6.9643178
7.2274656
7.3661332
7.5006561
7.4270649
7.3688455
7.1127295
6.7167149
6.2926445
5.6677246
4.9469118
4.1101708
3.2255514
2.2744975
1.3236998
0.38205951
-0.51986080
-1.3358891
-2.0611706
-2.6150196
-3.1202078
-3.4422877
-3.6015348
-3.5346754
-3.4335771
-3.1984379
-2.8303282
-2.2876425
-1.8814443
-1.2317187
-0.59924096
-0.049674347
0.60894310
1.1965693
1.7106515
2.2031891
2.6020379
2.7495162
2.8908401
2.9036705
2.7937686
2.6829195
2.3545961
2.0666835
1.6628859
1.2653905
0.76541805
0.37863609
0.083784766
-0.21714853
-0.47951975
-0.57903033
-0.79350406
-0.79965299
-0.70581353
-0.56086898
-0.24535945
-0.052632459
0.26933515
0.62796289
1.0721351
1.4970790
2.0199490
2.6283603
3.3330708
4.0277677
4.7629409
5.6895638
6.5696845
7.4454002
8.3878508
9.2641678
9.9567270
10.815294
11.443037
11.923224
12.399107
12.628973
13.088196
13.266063
13.287563
13.463383
13.352887
13.234151
13.141305
12.883545
12.625094
12.305455
11.969643
11.401466
11.069275
10.372980
9.7830696
9.0404835
8.3496647
7.5200386
6.6841049
5.7432051
4.8457966
3.8975298
2.9614685
2.0960419
1.2260219
0.48445892
-0.25880975
-0.87524945
-1.2937232
-1.7178921
-1.8535212
-1.8591489
-1.8143158
-1.7500541
-1.4951650
-1.3478589
-1.1393981
-0.79970521
-0.55478191
-0.31346920
-0.18556136
0.048543770
0.26956180
0.36497834
0.47248816
0.45275718
0.56822646
0.60169661
0.56514680
0.57653213
0.64244193
0.56158108
0.45828798
0.52768105
0.47417268
0.36880815
0.35918567
0.37617072
0.27186689
0.19001275
0.19146012
0.11129797
0.051846124
0.054004423
0.18422334
0.27252540
0.55348480
0.82601923
1.2611490
1.6839279
2.2148147
2.8663681
3.5375133
4.2209649
4.8903499
5.5772357
6.2484732
6.8247237
7.3175282
7.7907825
8.0978079
8.4111032
8.5706301
8.8163614
8.7534723
8.9514513
8.9449635
9.1413326
9.1536493
9.4198236
9.8533058
10.267940
10.890621
11.478055
12.105785
12.831304
13.399386
14.126168
14.678307
15.265336
15.612060
15.683396
15.907032
15.912112
15.609004
15.384027
14.836514
14.289961
13.559273
12.794124
11.977878
11.141837
10.309888
9.5464392
8.9176292
8.3485670
7.9420042
7.7248206
7.5865583
7.5820608
7.7633371
8.0599155
8.3926163
8.8291016
9.2601891
9.6389008
10.038391
10.374233
10.590844
10.661747
10.657910
10.554174
10.318536
9.9379721
9.5315161
9.0123644
8.5285254
8.1259499
7.5882049
7.2081718
6.9185767
6.5714960
6.3396430
6.1354132
5.8939142
5.7338376
5.5767989
5.3017993
5.0791674
4.7996836
4.4049792
3.9092257
3.4339762
2.8748639
2.2482510
1.5916090
0.93356627
0.33882061
-0.34823066
-1.0623618
-1.4280815
-1.9159870
-2.2090526
-2.3142066
-2.3646877
-2.2735350
-1.9733770
-1.5595576
-1.0949036
-0.60187060
0.026364908
0.63648725
1.1848631
1.7063549
2.0501542
2.3816426
2.4390914
2.4506514
2.4144130
2.2010794
1.9173380
1.5577173
1.2117224
0.77013910
0.30505219
-0.096214838
-0.47601470
-0.85077602
-1.1574887
-1.2998207
-1.4485352
-1.4266737
-1.3162318
-1.2113491
-0.88984007
-0.49102581
-0.12846240
0.38274622
0.84279060
1.3952941
1.7381837
2.0487452
2.4058208
2.5229821
2.6876140
2.6337287
2.5110726
2.2884169
1.9856008
1.6883366
1.3751450
0.93663323
0.53154588
0.095965706
-0.28106925
-0.83571482
-1.2363888
-1.8627001
-2.3965285
-2.9879537
-3.5306449
-4.1501002
-4.8048515
-5.5251994
-6.2143698
-6.8014669
-7.4444060
-8.0210686
-8.6556358
-9.1174402
-9.4755316
-9.7571802
-10.166608
-10.389303
-10.716673
-10.813278
-11.130828
-11.194094
-11.363016
-11.318951
-11.480417
-11.546807
-11.520144
-11.465229
-11.388031
-11.232098
-11.012004
-10.871991
-10.654836
-10.596062
-10.532629
-10.495545
-10.472031
-10.567813
-10.594213
-10.621599
-10.655627
-10.636201
-10.616065
-10.477658
-10.171223
-9.7936440
-9.2059870
-8.4836512
-7.6722388
-6.7294049
-5.7110391
-4.6545835
-3.4893377
-2.5357840
-1.5746746
-0.63297147
0.10439321
0.81790626
1.1606550
1.6340739
2.0256908
2.2023225
2.0422392
2.0090368
1.7527333
1.6055851
1.4079932
1.7222235
1.5604829