5.0539279
4.8755975
4.5871544
4.2809920
3.9307737
3.4905844
3.0904558
2.5867631
2.2164521
1.7493469
1.2889558
0.81505758
0.36379349
0.043188464
-0.31984767
-0.63961023
-0.79081905
-1.0501456
-1.2286594
-1.4186221
-1.5203218
-1.7237078
-1.9659637
-2.0739853
-2.1642292
-2.3862772
-2.5714767
-2.8937147
-3.0898430
-3.5148237
-3.8910928
-4.4445982
-5.0186801
-5.6149282
-6.4616289
-7.1088905
-7.8056126
-8.4487038
-8.8571959
-9.2214661
-9.4305506
-9.2998991
-8.9747562
-8.5004454
-7.7932019
-7.0091076
-6.1936927
-5.3000965
-4.5672226
-3.8679466
-3.3981488
-3.0311558
-2.8812132
-2.9488966
-3.0796804
-3.3303151
-3.6501584
-3.9236069
-4.2015944
-4.3324742
-4.3571324
-4.2569914
-4.0596290
-3.7393272
-3.3258078
-2.8319316
-2.2998378
-1.7242768
-1.1871613
-0.73004228
-0.23118673
0.17695540
0.61483264
0.93614835
1.2617879
1.5550689
1.9078871
2.2733619
2.6625073
3.0372398
3.5200691
3.9480424
4.5042338
5.0206804
5.3759608
5.8266554
6.1828947
6.4477344
6.5975718
6.6939406
6.6244330
6.5626454
6.2185526
6.0017595
5.7289391
5.4910960
5.2227688
5.1677709
5.1591992
5.4541364
5.6675076
6.1185842
6.6697960
7.2645531
7.8154202
8.3093491
8.6982012
8.9304094
8.9693823
8.7713165
8.2523050
7.5711088
6.6227217
5.5375838
4.3268819
2.8935907
1.6628236
0.38829762
-0.79464078
-1.9167954
-2.8685529
-3.5116940
-4.1281371
-4.3881745
-4.5859256
-4.7734733
-4.8070936
-4.7551246
-4.6733198
-4.6859074
-4.8100982
-4.9088173
-4.8108387
-4.9595962
-4.9915619
-5.0186591
-4.8423862
-4.6124086
-4.2109818
-3.6859131
-2.9472077
-2.1012576
-1.1153799
-0.0082670934
1.1465088
2.3360298
3.4634328
4.5136838
5.4608684
6.2215862
6.7952404
7.1905761
7.4403200
7.5327125
7.4923863
7.3242464
7.1335411
6.9136701
6.6913886
6.5233097
6.4422979
6.4073906
6.4186058
6.6261020
6.8457007
7.1911635
7.6103001
8.1041164
8.6362324
9.2410145
9.8909473
10.587675
11.185154
11.800956
12.271240
12.745202
13.119504
13.396074
13.583071
13.709560
13.791544
13.847916
13.921984
13.980730
14.058393
14.217122
14.352554
14.546927
14.740828
14.855198
14.954183
14.908612
14.719731
14.370830
13.889970
13.173549
12.274169
11.197682
10.064559
8.8184872
7.4520788
6.0844450
4.7370930
3.2675686
1.8708488
0.36634424
-1.0380690
-2.5872443
-4.3234015
-6.0845351
-7.8302655
-9.5623121
-11.127316
-12.476172
-13.429653
-14.224606
-14.309836
-14.059622
-13.139764
-12.023295
-10.532031
-8.8306541
-6.9948926
-5.0243058
-2.9919910
-1.1258408
0.70688957
2.3389966
3.7695460
5.0656681
6.1169119
6.8521972
7.2456627
7.2625880
6.9742928
6.5050921
5.8439422
5.0909042
4.2421012
3.3631289
2.4649923
1.7041609
0.97787148
0.25746027
-0.41581464
-1.2351959
-1.9835370
-2.7331336
-3.2520266
-3.8164647
-4.3072858
-4.4059181
-4.5661302
-4.4794054
-4.0607214
-3.6510031
-2.9803703
-2.2719240
-1.4016583
-0.36928663
0.70096958
2.0597188
3.1539843
4.3070636
5.4160113
6.3394036
7.1303449
7.6825223
7.9687152
7.8786874
7.4607420
6.8857088
5.9037080
4.8526759
3.4703212
2.2251761
0.95156312
-0.015851723
-0.84271806
-1.3269404
-1.5138906
-1.4147806
-1.0317111
-0.42883658
0.29264235
0.96966362
1.5996897
2.3078907
2.8873870
3.3031485
3.5251784
3.6896510
3.7036273
3.6387639
3.4625664
3.1146204
2.6755347
2.0639410
1.3413413
0.40243492
-0.59656441
-1.7831960
-3.0977020
-4.4376922
-5.8316092
-7.2690511
-8.6084280
-9.9598389
-11.235532
-12.413774
-13.481491
-14.625101
-15.620298
-16.438440
-17.288517
-18.018116
-18.614960
-18.988668
-19.137711
-19.182899
-18.933508
-18.310120
-17.413490
-16.407928
-15.224115
-13.777737
-12.351030
-10.845967
-9.3662815
-7.9445181
-6.6803384
-5.4889088
-4.4543490
-3.5250547
-2.6462924
-1.9905217
-1.2541785
-0.71522081
-0.30344748
-0.029362066
0.16204979
0.35445976
0.25223532
0.15126349
-0.17988832
-0.74535841
-1.5194885
-2.3324363
-3.1028204
-3.7930944
-4.2622867
-4.8187513
-4.8697686
-4.8509445
-4.5731707
-4.0801196
-3.4379988
-2.6742525
-1.9570442
-1.1365359
-0.35825789
0.41627282
0.97330838
1.4368403
1.8212514
2.1496718
2.4983015
2.8555260
3.0652692
3.3199809
3.6265419
3.9285567
4.1454115
4.3088093
4.5419641
4.5969734
4.6395917
4.5346642
4.3211365
4.0515389
3.6390872
3.1479139
2.5980704
2.0048966
1.4018068
0.76540411
0.18537396
-0.31698436
-0.70894951
-1.0686747
-1.3236762
-1.2583672
-1.2178458
-0.98722309
-0.57809943
-0.081314109
0.38813564
0.69738144
1.3179008
1.3911520
1.4974169
1.4621798
1.1545131
0.49139357
-0.24176565
-1.1974466
-2.0385733
-3.0799870
-4.0402017
-4.9362979
-5.7852206
-6.5191278
-7.1999311
-7.8085093
-8.3052855
-8.7842960
-9.1656561
-9.5769100
-10.000690
-10.416781
-10.751466
-10.961682
-11.006972
-10.790780
-10.345791
-9.5894575
-8.4850969
-7.0093393
-5.3073411
-3.3729770
-1.2849081
0.94477981
2.8681195
4.9057474
6.3303552
7.6495328
8.6054249
9.0062695
8.9269438
8.4306707
7.5894752
6.5168176
5.2804041
3.8959529
2.4047487
1.2649921
0.32731169
-0.35822514
-0.89780474
-0.87415260
-0.63954073
-0.0034515341
0.82204211
1.8565047
3.1524930
4.2426491
5.6384363
6.7950778
7.8030572
8.7466373
9.2885370
9.8598280
10.037695
10.006223
9.8066359
9.5345573
9.1632538
8.6821814
8.1900797
7.7096457
7.1367073
6.6528993
6.0985861
5.5473828
5.0298314
4.4603376
3.9000537
3.3272219
2.7802510
2.2445505
1.6786772
1.2110168
0.70800054
0.22418767
-0.28052002
-0.86675048
-1.5140071
-2.2157035
-3.0160336
-3.8921449
-4.8425503
-5.8706908
-6.9852939
-8.0847015
-9.1583366
-10.267659
-11.346998
-12.372876
-13.275721
-14.091261
-14.713511
-15.234210
-15.579116
-15.707127
-15.740115
-15.631145
-15.465824
-15.208549
-14.916078
-14.681624
-14.474652
-14.346827
-14.335081
-14.276976
-14.303415
-14.320498
-14.238517
-14.113739
-13.824039
-13.298090
-12.636549
-11.672908
-10.559999
-9.3339977
-8.0141878
-6.5425997
-5.2059865
-3.9718852
-2.7367916
-1.5432000
-0.72242385
0.0075072567
0.66090560
1.1081318
1.2856075
1.5023338
1.4370648
1.5125264
1.5354189
1.4900459
1.6096098
1.8941003
2.2093296
2.7522242
3.3843286
4.3374615
5.1410990
5.9984384
6.7016878
7.0880675
7.2764502
7.3017941
6.9253936
6.2681122
5.2734017
4.1602840
2.9066567
1.8391875
0.64575291
-0.49195307
-1.5249683
-2.4831977
-3.2201102
-3.7374864
-4.2408671
-4.6870871
-5.0754614
-5.1870880
-5.1882968
-5.0167408
-4.7970400
-4.4853373
-4.0978560
-3.5895920
-3.1201396
-2.6991069
-2.3252099
-2.1088216
-1.9940002
-1.9437977
-1.9865611
-2.1190262
-2.3284698
-2.5161400
-2.8015695
-3.0931191
-3.4621546
-3.8364253
-4.4093409
-5.0046515
-5.7501659
-6.5512047
-7.5306463
-8.4366722
-9.4757738
-10.456701
-11.339737
-12.116919
-12.830659
-13.180510
-13.531337
-13.727201
-13.775336
-13.643006
-13.320837
-13.006516
-12.595010
-12.003984
-11.433428
-10.715979
-9.9960909
-9.2223148
-8.5378885
-7.8544769
-7.2175851
-6.6171355
-6.0560522
-5.4839211
-4.9442163
-4.3485556
-3.6884820
-2.9046011
-2.1163306
-1.1702907
-0.18385740
0.95209873
2.1082866
3.1928542
4.2506604
5.2236466
6.0915861
6.7899895
7.2981033
7.6304426
7.8584557
7.8845487
7.7445703
7.2476869
6.8163152
6.0963793
5.3542738
4.4201708
3.4108486
2.4870453
1.4961400
0.83072639
0.43668520
0.21039535
0.33781949
0.84415859
1.6326351
2.6201417
3.8011038
4.8494458
6.0032134
7.0404887
7.8756199
8.4387798
8.6321058
8.6044931
8.2946272
7.7551055
7.1183596
6.2409472
5.2724419
4.2919207
3.3290026
2.4602757
1.7106731
1.0832043
0.65104622
0.42271131
0.38370934
0.49831089
0.72051710
0.98655826
1.2526073
1.4889547
1.5932901
1.5457150
1.2784728
0.81857610
0.13610783
-0.70476258
-1.6270891
-2.6390104
-3.5841279
-4.4861531
-5.2219000
-5.7602735
-6.0703664
-6.1980863
-6.1103497
-5.9365096
-5.6366167
-5.2808013
-4.9663634
-4.7262449
-4.5682259
-4.5350528
-4.6285138
-4.8207121
-5.0982523
-5.4094563
-5.6896310
-5.9440794
-6.0168371
-5.8895154
-5.6404347
-5.1133776
-4.2732120
-3.2433147
-1.8785863
-0.45966327
1.0821793
2.9224350
4.6890025
6.3986731
7.9985061
9.6499414
10.900695
12.100718
12.984955
13.389428
13.552074
13.456706
12.848236
12.145139
11.259758
10.269861
9.4277077
8.4446115
7.7997236
7.3685985
7.0913186
7.0306873
7.2172947
7.4032679
7.6726260
7.8335357
7.6713691
7.5420837
6.9727931
6.1525321
5.1644893
4.1097975
2.9911487
2.0478089
1.2484930
0.85743600
0.80721927
1.1818670
1.9974397
3.0295141
4.4554434
5.8262253
7.2036304
8.3631716
9.2916994
9.9323711
10.094403
9.9866371
9.5200596
8.7051058
7.8447995
6.7270799
5.7385178
4.7577071
3.9101160
3.1671181
2.4591405
2.0271666
1.5785223
1.3241510
1.2601800
1.2461627
1.3629211
1.4909995
1.8452461
2.1496749
2.4837618
2.8193836
3.0613499
3.1611524
3.0889928
2.7381778
2.1628621
1.2617124
0.20238948
-0.99041331
-2.2129040
-3.3877215
-4.3602424
-4.9965057
-5.3513765
-5.2863545
-4.8161316
-4.0270028
-2.9572113
-1.8929968
-0.68299592
0.33347452
1.2032282
1.9450033
2.1998451
2.3094378
1.9990942
1.6074388
1.0624900
0.65986061
0.23150104
-0.25466532
-0.48461768
-0.67002720
-0.81360739
-0.91703713
-0.92828196
-1.1184161
-1.3311217
-1.7128273
-2.2263937
-2.9034772
-3.6079471
-4.5593219
-5.2530670
-6.0345578
-6.6168609
-7.0484033
-7.3092961
-7.5036044
-7.3926983
-7.3277655
-7.1104493
-6.9880095
-6.9471812
-6.9176798
-7.0221128
-7.2804341
-7.4928203
-7.8106241
-8.1197500
-8.1571684
-8.1663857
-8.0272732
-7.7528744
-7.1262808
-6.4963360
-5.6632261
-5.0606995
-4.3812003
-3.8609376
-3.4864526
-3.5103536
-3.6070201
-3.9923372
-4.5563288
-5.3282647
-6.2659073
-7.1674962
-8.0743456
-8.9437666
-9.7461281
-10.415393
-10.910721
-11.267824
-11.492535
-11.656595
-11.651892
-11.653216
-11.566298
-11.489332
-11.365505
-11.287832
-11.219029
-11.192310
-11.191971
-11.190675
-11.142903
-11.131344
-10.973098
-10.760210
-10.420366
-10.017581
-9.5151215
-8.9656010
-8.3728409
-7.8160648
-7.2672596
-6.7957406
-6.5123348
-6.2876391
-6.2238116
-6.2069187
-6.2566252
-6.2552476
-6.3433180
-6.3036394
-6.2415218
-6.0790100
-5.7957368
-5.5194054
-5.0919948
-4.7614260
-4.3195910
-3.9784470
-3.7531617
-3.7183406
-3.5626829
-3.6119077
-3.6917686
-3.8909643
-4.0425124
-4.2350116
-4.5892873
-4.7917070
-4.9617910
-5.2590261
-5.4588599
-5.7241549
-6.0401573
-6.2595763
-6.6201677
-6.8151674
-7.0519228
-7.2445245
-7.4261703
-7.6193995
-7.6515203
-7.7121367
-7.8045173
-7.8936176
-8.0589142
-8.1790476
-8.4644175
-8.7557096
-9.2782211
-9.6881695
-10.240252
-10.707030
-11.238796
-11.572804
-11.874939
-11.943492
-12.031630
-11.691431
-11.423489
-10.929634
-10.473310
-9.9481792
-9.5202913
-9.1860266
-8.8820219
-8.8002110
-8.8907776
-9.1782446
-9.5746546
-10.083853
-10.745043
-11.473907
-12.228384
-13.033484
-13.855277
-14.567598
-15.285215
-15.911064
-16.467123
-16.924200
-17.384897
-17.778322
-18.032528
-18.295734
-18.476686
-18.691755
-18.762672
-18.824911
-18.784231
-18.795448
-18.630489
-18.468292
-18.200508
-17.879765
-17.564476
-17.064428
-16.654501
-16.205004
-15.606762
-15.001336
-14.402105
-13.689352
-13.001541
-12.300570
-11.513549
-10.654182
-9.8082972
-8.9576120
-8.1032248
-7.4220853
-6.7318201
-6.2143259
-5.7512445
-5.4061165
-5.3141899
-5.3580031
-5.4828577
-5.6912146
-5.9867401
-6.2274299
-6.5409741
-6.7548542
-6.9994464
-7.1968274
-7.3357420
-7.4668398
-7.6219082
-7.7827520
-8.0061893
-8.2313528
-8.5004330
-8.8566265
-9.1182327
-9.4354601
-9.5867262
-9.7045755
-9.6899700
-9.6610165
-9.4459553
-8.9883327
-8.6023149
-7.9532490
-7.2720284
-6.5384145
-5.6694450
-4.6433363
-3.6919992
-2.6481023
-1.6739109
-0.66124219
0.26595148
1.3348042
2.2215633
2.9065402
3.4337788
3.8519766
4.0070119
3.9241469
3.6911924
3.2468703
2.7115080
2.0015013
1.3757125
0.76746720
0.20469178
-0.23107097
-0.45467749
-0.57712215
-0.56883806
-0.47058228
-0.34632871
-0.18065609
-0.11690102
-0.18439838
-0.46713141
-0.87028277
-1.3959917
-2.1955533
-3.0358999
-3.9566274
-4.8939986
-5.6647382
-6.4357872
-6.9673119
-7.3628087
-7.5941081
-7.5969157
-7.4189587
-7.1394038
-6.8262911
-6.4463382
-6.0493340
-5.7578950
-5.5226932
-5.3691487
-5.3671589
-5.3649125
-5.4451823
-5.5325179
-5.5702004
-5.5711865
-5.5089736
-5.3356671
-5.0941973
-4.7341290
-4.2996922
-3.7949579
-3.3251569
-2.7960608
-2.4087701
-2.0255909
-1.8136663
-1.6606164
-1.6385548
-1.6468678
-1.7590079
-1.8966179
-1.9931287
-2.1051834
-2.1324191
-2.0970213
-2.0141125
-1.8136024
-1.5869403
-1.3153502
-1.0264440
-0.72186172
-0.45445922
-0.23073719
-0.042613938
0.16205528
0.23778847
0.32271901
0.41064903
0.43291065
0.54822826
0.71192968
0.94827718
1.0018418
1.2196625
1.4468824
1.7004272
1.9046245
2.1390300
2.3422005
2.4589639
2.7125604
2.8385470
3.0034420
3.1532741
3.3766274
3.5742347
3.7505648
4.0282369
4.2634826
4.5353060
4.8121285
5.0973139
5.2742062
5.4413891
5.5659423
5.6522212
5.5924768
5.4840865
5.3116407
5.0093536
4.7394342
4.3170338
3.9536490
3.5243764
3.1565468
2.7084439
2.2929554
1.9571404
1.6101629
1.3092395
1.1071318
0.94245136
0.81923729
0.77436346
0.76123321
0.86138195
1.0050670
1.2037764
1.4495226
1.7282522
2.0179892
2.2594538
2.5404947
2.7373543
2.8506095
2.9368746
2.9299459
2.8751752
2.7401333
2.5859492
2.4103146
2.2216232
2.0993161
1.9910768
1.9554545
1.9626044
1.9655174
2.0904315
2.2129142
2.3693755
2.4701333
2.6092379
2.6830609
2.7537942
2.7546952
2.7121079
2.6304317
2.5103011
2.3889022
2.1885900
2.0282974
1.8298149
1.6713674
1.4722495
1.2527364
1.0497882
0.86095583
0.59489077
0.36906767
0.12920071
-0.12172268
-0.36196885
-0.61235785
-0.87227666
-1.1338745
-1.3505856
-1.5831560
-1.7625434
-2.0112886
-2.1706009
-2.2707613
-2.3354228
-2.3124039
-2.2031527
-2.0415761
-1.8233978
-1.5016330
-1.2690285
-0.88830018
-0.56901330
-0.31407574
-0.051266842
0.11449108
0.22371581
0.27796456
0.27824435
0.26572999
0.24821392
0.24359284
0.25894377
0.31982240
0.40894675
0.55290663
0.70996350
0.88585746
1.0417689
1.2146227
1.3196664
1.4173350
1.4804208
1.4976337
1.5047909
1.5161037
1.5382134
1.6059537
1.7026808
1.8701462
2.1151235
2.4226990
2.7982626
3.2444992
3.7139261
4.1940103
4.7199740
5.1972356
5.6759696
6.0839553
6.3972979
6.6564012
6.7994161
6.8448644
6.7858925
6.6024637
6.3908796
6.0167899
5.6176572
5.1880593
4.7163405
4.2002816
3.7281666
3.1994307
2.6110814
2.0676806
1.5466861
1.0727520
0.51731962
0.13646847
-0.37872094
-0.86037171
-1.2329258
-1.6445725
-1.9433720
-2.2556605
-2.4119122
-2.5260041
-2.5327582
-2.4685922
-2.2840080
-2.0352657
-1.7379556
-1.4207511
-1.0923691
-0.80519235
-0.56311548
-0.40161845
-0.34180617
-0.38570207
-0.51892835
-0.75295681
-1.0540254
-1.4163086
-1.7920076
-2.1820142
-2.5429940
-2.8578024
-3.1586072
-3.3621986
-3.5147836
-3.5902021
-3.6246729
-3.5905247
-3.5563450
-3.5225472
-3.4840367
-3.4366138
-3.4421141
-3.4688094
-3.5345426
-3.7124157
-3.8510368
-4.0714369
-4.3163381
-4.6264844
-4.8690333
-5.1590161
-5.3671584
-5.6149988
-5.7845731
-5.9469848
-5.9293418
-5.9732556
-6.0215726
-5.9456811
-5.8852711
-5.7825565
-5.7589974
-5.7606039
-5.8349867
-5.8297043
-5.9595065
-6.0211992
-6.1498370
-6.3788328
-6.6262221
-6.7850361
-7.1547832
-7.2930346
-7.6270537
-7.8295150
-8.2215195
-8.5345726
-8.8254337
-9.1232901
-9.4413872
-9.6706715
-9.9583864
-10.175613
-10.342592
-10.336123
-10.327256
-10.112475
-9.8292665
-9.4701757
-9.0104322
-8.4638653
-7.8739920
-7.2612433
-6.6639037
-6.0676799
-5.5363793
-5.0671492
-4.6589704
-4.3321180
-4.0735593
-3.8880408
-3.7620587
-3.6333127
-3.5461626
-3.4384480
-3.3087876
-3.1699405
-2.9662273
-2.7428205
-2.4897599
-2.2368155
-1.9702884
-1.7477907
-1.5213580
-1.3733956
-1.2231835
-1.1433281
-1.0587844
-1.0191741
-0.82802409
-0.66517961
-0.41848293
-0.088176250
0.32129851
0.95876998
1.5747917
2.4717016
3.3470190
4.3388982
5.2985048
6.3681831
7.2373919
8.2369156
9.1594410
9.8686638
10.665289
11.132317
11.496890
11.665280
11.775615
11.733979
11.484658
11.142525
10.626302
9.9908829
9.2158089
8.4724426
7.6630492
6.8999395
6.1199040
5.3415213
4.6009231
4.0370946
3.4425254
3.0097234
2.5720844
2.1861806
1.8797232
1.5888587
1.2847583
0.99736148
0.79092878
0.58333796
0.40839094
0.25159016
0.15427008
0.10373539
0.073518567
0.088634513
0.14409842
0.21827774
0.29936683
0.39280292
0.45733649
0.51367974
0.52656662
0.49021399
0.48895907
0.37491938
0.31719998
0.25886819
0.16265531
0.14466584
0.19010870
0.31216541
0.44291231
0.70550150
1.0171357
1.4088433
1.8581983
2.3691626
2.9187994
3.4661353
4.0170403
4.5996985
5.1494017
5.6975851
6.2442207
6.7853990
7.2821212
7.7867293
8.2914448
8.7300825
9.1902933
9.5586863
9.8644400
10.088488
10.282552
10.318067
10.270996
10.137039
9.8995342
9.5691853
9.1776686
8.6922674
8.2955809
7.7183104
7.3259916
7.0197563
6.5724559
6.4207406
6.1939178
6.1368327
6.1231565
6.1283970
6.3808713
6.6954937
6.8203015
7.0997052
7.1202760
7.1807156
7.0171995
6.8070993
6.3690610
5.7890410
5.0544243
4.2306571
3.2931736
2.2564232
1.2448430
0.24400306
-0.65837079
-1.4112422
-2.0174596
-2.5895069
-2.9559474
-3.2296124
-3.2953515
-3.3045914
-3.4110377
-3.1901906
-3.1132159
-2.9454441
-2.9630253
-2.8526440
-2.7171793
-2.7708421
-2.5839400
-2.5057023
-2.3290153
-2.1587639
-1.9387155
-1.6205550
-1.3072754
-0.89192569
-0.47841799
-0.031092284
0.38353652
0.79690635
1.1268240
1.4472607
1.7092853
1.9861451
2.2195165
2.4727855
2.8044198
3.1846244
3.6315532
4.1885643
4.8736386
5.5887265
6.4467177
7.2647810
8.1501675
9.0188103
9.8182402
10.574358
11.277258
11.846418
12.221408
12.476942
12.715310
12.888498
12.955812
13.142215
13.271655
13.465940
13.647445
14.042680
14.333466
14.762502
15.143338
15.628270
16.114105
16.530260
16.780140
17.101173
17.321888
17.453434
17.576412
17.470116
17.336926
17.138313
16.826441
16.391298
15.882578
15.342449
14.716739
14.067346
13.293274
12.532236
11.737621
10.994570
10.315104
9.7059908
9.1040602
8.5263224
8.0600290
7.6598325
7.3813729
7.0800729
6.8456578
6.6170201
6.3156776
5.9123311
5.4426279
4.9343400
4.4178138
3.8456995
3.2634397
2.6604741
2.0179839
1.5513222
1.1445658
0.76157618
0.53894299
0.41038039
0.46402594
0.55203301
0.69944453
0.96268088
1.1992486
1.6202717
1.9562712
2.3830590
2.7046416
3.0095446
3.3251312
3.6004946
3.8508191
4.0743408
4.1512680
4.2397909
4.3719130
4.4835238
4.5730658
4.6044989
4.8288903
4.9607334
5.2646236
5.6691818
6.0346103
6.5149465
6.9592214
7.4121294
7.9762678
8.4893436
8.9746494
9.4228458
9.8205194
10.173381
10.494964
10.782436
11.094049
11.292806
11.544615
11.783298
11.850204
12.006073
12.095107
12.122108
12.045316
11.953650
11.751975
11.481910
11.126233
10.772129
10.428217
10.111115
9.8283434
9.6025496
9.4118137
9.3319521
9.1548538
9.0983677
8.9818306
8.8434420
8.6528730
8.3299379
8.0127373
7.5565329
6.9548898
6.3235812
5.6387806
4.8657637
4.1165824
3.4560018
2.8263600
2.2210310
1.6314033
1.2117629
0.76917493
0.36431313
-0.030356709
-0.39931294
-0.80128396
-1.1728873
-1.6015822
-1.9818939
-2.3579748
-2.6956072
-2.9849396
-3.1342771
-3.2529795
-3.2903206
-3.1836500
-2.9536078
-2.7640107
-2.6370218
-2.2799222
-1.9215815
-1.7216907
-1.3703265
-1.2936696
-1.3364044
-1.1907685
-1.3361802
-1.4112679
-1.5099477
-1.6972017
-1.7998431
-1.9765356
-2.0770154
-2.1515319
-2.0814168
-1.9907285
-1.7678416
-1.5308757
-1.1975915
-0.82784694
-0.41758665
0.058840021
0.50493729
0.97880095
1.3901424
1.8082583
2.1867981
2.5136764
2.8082273
3.0322139
3.1648705
3.3360736
3.3999751
3.4428759
3.5141037
3.5243847
3.5871716
3.6815658
3.8127098
4.0121837
4.2977242
4.6398478
5.0236478
5.4521718
5.8819609
6.3351231
6.6610575
6.9924970
7.1832404
7.2957044
7.2541342
7.1588836
6.8802590
6.5901532
6.1961312
5.8145351
5.4200940
5.0767407
4.8077021
4.6138654
4.5136156
4.4876008
4.5717530
4.7015672
4.9316802
5.1940699
5.4834342
5.7813005
6.1238751
6.4524746
6.7264810
6.9696264
7.1665697
7.2430673
7.2333236
7.0935841
6.8372455
6.4740500
5.9337258
5.3796682
4.7028279
4.0782537
3.3932312
2.9004164
2.4175699
2.1461270
1.9613351
1.9851509
2.2023976
2.5321732
3.0404809
3.5671549
4.2109499
4.8303237
5.4229755
5.9542656
6.2855749
6.5995584
6.7566471
6.7570357
6.6420889
6.4461765
6.1683598
5.8528719
5.5335498
5.2349782
4.9918251
4.7812033
4.6122112
4.4507689
4.3298345
4.1624064
3.9570956
3.6861858
3.3229012
2.8884220
2.3925054
1.9009236
1.4611524
1.0214759
0.71954936
0.52504098
0.45053422
0.57394099
0.77625495
1.0750817
1.3981107
1.7320111
2.0786958
2.3801117
2.5752618
2.7180595
2.7447340
2.6975939
2.6378915
2.5203962
2.3719125
2.2473013
2.1298425
2.0368726
1.9791716
1.9657716
1.9725459
1.9568717
1.9968259
2.0157375
2.0173106
2.0275443
1.9668640
1.9244380
1.8588872
1.7865883
1.7763132
1.7391243
1.7416670
1.8168464
2.0064981
2.1590939
2.4058728
2.6452279
2.9871104
3.2763801
3.5855396
3.8912864
4.1070652
4.3050733
4.4878678
4.5249629
4.5288916
4.4930439
4.2913790
4.1593351
3.8722718
3.5398674
3.0478973
2.6697154
2.1923642
1.7162925
1.0586970
0.44571233
-0.038976550
-0.69429702
-1.1551422
-1.7312317
-2.1920276
-2.6761839
-3.0122333
-3.5070949
-3.7941885
-4.1670418
-4.5371475
-4.7548294
-5.0616889
-5.3587217
-5.6956244
-5.9401112
-6.1416788
-6.3199391
-6.4027324
-6.3977680
-6.3245420
-6.1169605
-5.8170886
-5.4594855
-5.0051436
-4.4559236
-3.8362160
-3.2011859
-2.5515778
-1.8775724
-1.2535937
-0.58338636
-0.019741703
0.60087025
1.1474005
1.6463943
2.0562179
2.4317517
2.7157404
2.9365423
3.0654478
3.1183791
3.1345220
3.1004927
2.9696846
2.7845335
2.6118550
2.4426241
2.2875817
2.1888657
2.0919416
2.0552506
2.0535884
2.1163139
2.1954348
2.2894797
2.3656836
2.4693415
2.5037928
2.5583551
2.5204229
2.4258702
2.3071287
2.1710963
1.9645358
1.7568687
1.5540528
1.2991546
1.1082486
0.81648892
0.58587480
0.26655442
-0.0018283208
-0.29245481
-0.63464457
-0.91138178
-1.2670952
-1.6299458
-1.9332378
-2.2358549
-2.5585651
-2.9193165
-3.1773610
-3.5266399
-3.7175663
-4.0734549
-4.2469921
-4.4872947
-4.7113075
-5.0787067
-5.2353621
-5.5141106
-5.8311920